Validation metrics
MAE: 5.229441031154487
RMSE: 8.089472736460573
Corr: 0.9713138778311609
R2: 0.9422191085075666
