Validation metrics
MAE: 9.134072565261938
RMSE: 13.832466678429801
Corr: 0.9771070220348572
R2: 0.9533202778334535
