Validation metrics
MAE: 8.05209249609858
RMSE: 12.475830388590664
Corr: 0.957947645212275
R2: 0.91480379160969
