Validation metrics
MAE: 9.548581716495324
RMSE: 14.481791409930013
Corr: 0.9802749818816674
R2: 0.9597657342718963
